0.6 1.89828935598634
0.7485 2.01378651150473
0.897 2.0144910624211
1.0455 2.00295181228387
1.194 1.9912426558294
1.3425 1.98118600423514
1.491 1.97279579710141
1.6395 1.96577631611382
1.788 1.95983380304187
1.9365 1.95473315616257
2.085 1.95029659522779
2.2335 1.94639140789053
2.382 1.94291814366515
2.5305 1.93980143960785
2.679 1.93698335425363
2.8275 1.93441863587918
2.976 1.93207138213095
3.1245 1.92991267430292
3.273 1.92791888847843
3.4215 1.92607047676997
3.57 1.92435107665042
3.7185 1.92274685107259
3.867 1.92124599253459
4.0155 1.91983834492939
4.164 1.91851511106151
4.3125 1.91726862329217
4.461 1.91609216133468
4.6095 1.91497980575199
4.758 1.91392631885644
4.9065 1.9129270469185
5.055 1.91197783915699
5.2035 1.91107498010087
5.352 1.91021513272075
5.5005 1.90939529032217
5.649 1.90861273562875
5.7975 1.90786500581363
5.946 1.90714986248504
6.0945 1.90646526582461
6.243 1.90580935222509
6.3915 1.9051804148914
6.54 1.90457688696101
6.6885 1.90399732677525
6.837 1.90344040499227
6.9855 1.90290489328269
7.134 1.90238965438793
7.2825 1.90189363335643
7.431 1.90141584979909
7.5795 1.90095539102951
7.728 1.90051140597382
7.8765 1.90008309975135
8.025 1.89966972884118
8.1735 1.8992705967616
8.322 1.89888505019956
8.4705 1.89851247553529
8.619 1.89815229571527
8.7675 1.89780396743246
8.916 1.89746697857811
9.0645 1.89714084593444
9.213 1.89682511308095
9.3615 1.89651934849084
9.51 1.896223143797
9.6585 1.89593611220931
9.807 1.89565788706737
9.9555 1.89538812051483
10.104 1.89512648228276
10.2525 1.89487265857142
10.401 1.89462635102058
10.5495 1.89438727575993
10.698 1.89415516253217
10.8465 1.89392975388172
10.995 1.89371080440332
11.1435 1.89349808004507
11.292 1.893291357461
11.4405 1.89309042340908
11.589 1.89289507419066
11.7375 1.89270511512793
11.886 1.89252036007624
12.0345 1.89234063096851
12.183 1.89216575738917
12.3315 1.89199557617521
12.48 1.89182993104248
12.6285 1.8916686722351
12.777 1.89151165619635
12.9255 1.89135874525954
13.074 1.89120980735722
13.2225 1.89106471574763
13.371 1.89092334875707
13.5195 1.89078558953703
13.668 1.89065132583524
13.8165 1.89052044977953
13.965 1.89039285767378
14.1135 1.89026844980504
14.262 1.8901471302612
14.4105 1.89002880675851
14.559 1.88991339047825
14.7075 1.8898007959121
14.856 1.88969094071556
15.0045 1.88958374556902
15.153 1.88947913404592
15.3015 1.88937703248768
15.45 1.88927736988488
15.5985 1.88918007776449
15.747 1.88908509008258
15.8955 1.88899234312241
16.044 1.88890177539743
16.1925 1.88881332755901
16.341 1.88872694230861
16.4895 1.88864256431413
16.638 1.88856014013018
16.7865 1.88847961812219
16.935 1.88840094839394
17.0835 1.88832408271856
17.232 1.8882489744726
17.3805 1.88817557857319
17.529 1.88810385141799
17.6775 1.88803375082786
17.826 1.88796523599215
17.9745 1.88789826741629
18.123 1.88783280687183
18.2715 1.88776881734861
18.42 1.88770626300897
18.5685 1.88764510914403
18.717 1.88758532213179
18.8655 1.88752686939704
19.014 1.88746971937295
19.1625 1.88741384146436
19.311 1.88735920601249
19.4595 1.88730578426121
19.608 1.88725354832471
19.7565 1.88720247115643
19.905 1.88715252651937
20.0535 1.88710368895752
20.202 1.88705593376848
20.3505 1.88700923697721
20.499 1.88696357531079
20.6475 1.88691892617421
20.796 1.88687526762714
20.9445 1.88683257836155
21.093 1.88679083768031
21.2415 1.8867500254765
21.39 1.88671012221365
21.5385 1.88667110890666
21.687 1.88663296710348
21.8355 1.88659567886748
21.984 1.88655922676052
22.1325 1.88652359382662
22.281 1.88648876357629
22.4295 1.88645471997138
22.578 1.88642144741059
22.7265 1.88638893071544
22.875 1.88635715511678
23.0235 1.88632610624181
23.172 1.88629577010155
23.3205 1.88626613307881
23.469 1.88623718191653
23.6175 1.8862089037066
23.766 1.88618128587907
23.9145 1.88615431619169
24.063 1.88612798271991
24.2115 1.88610227384717
24.36 1.88607717825556
24.5085 1.88605268491678
24.657 1.88602878308347
24.8055 1.88600546228076
24.954 1.88598271229821
25.1025 1.88596052318193
25.251 1.88593888522705
25.3995 1.8859177889704
25.548 1.88589722518344
25.6965 1.88587718486547
25.845 1.88585765923703
25.9935 1.8858386397335
26.142 1.885820117999
26.2905 1.8858020858804
26.439 1.88578453542158
26.5875 1.88576745885787
26.736 1.88575084861064
26.8845 1.88573469728215
27.033 1.88571899765046
27.1815 1.88570374266458
27.33 1.88568892543978
27.4785 1.88567453925297
27.627 1.88566057753833
27.7755 1.88564703388301
27.924 1.885633902023
28.0725 1.88562117583913
28.221 1.88560884935314
28.3695 1.885596916724
28.518 1.88558537224416
28.6665 1.88557421033613
28.815 1.88556342554898
28.9635 1.88555301255505
29.112 1.88554296614675
29.2605 1.88553328123342
29.409 1.88552395283834
29.5575 1.88551497609575
29.706 1.88550634624809
29.8545 1.88549805864316
30.003 1.88549010873152
30.1515 1.88548249206385
30.3 1.88547520428847
30.4485 1.88546824114887
30.597 1.88546159848138
30.7455 1.88545527221283
30.894 1.88544925835837
31.0425 1.88544355301924
31.191 1.88543815238075
31.3395 1.88543305271018
31.488 1.8854282503548
31.6365 1.88542374173999
31.785 1.88541952336733
31.9335 1.88541559181282
32.082 1.88541194372507
32.2305 1.88540857582363
32.379 1.88540548489732
32.5275 1.88540266780259
32.676 1.88540012146196
32.8245 1.88539784286251
32.973 1.88539582905438
33.1215 1.88539407714931
33.27 1.88539258431928
33.4185 1.88539134779511
33.567 1.88539036486514
33.7155 1.88538963287396
33.864 1.88538914922114
34.0125 1.88538891136
34.161 1.88538891679644
34.3095 1.8853891630878
34.458 1.88538964784171
34.6065 1.885390368715
34.755 1.88539132341265
34.9035 1.88539250968675
35.052 1.88539392533551
35.2005 1.88539556820225
35.349 1.88539743617447
35.4975 1.88539952718291
35.646 1.88540183920068
35.7945 1.88540437024231
35.943 1.88540711836299
36.0915 1.88541008165764
36.24 1.88541325826019
36.3885 1.88541664634273
36.537 1.88542024411474
36.6855 1.8854240498224
36.834 1.88542806174779
36.9825 1.88543227820824
37.131 1.88543669755559
37.2795 1.88544131817556
37.428 1.88544613848705
37.5765 1.88545115694157
37.725 1.88545637202253
37.8735 1.8854617822447
38.022 1.88546738615362
38.1705 1.88547318232497
38.319 1.88547916936409
38.4675 1.88548534590536
38.616 1.88549171061173
38.7645 1.88549826217416
38.913 1.88550499931114
39.0615 1.8855119207682
39.21 1.88551902531743
39.3585 1.88552631175702
39.507 1.88553377891077
39.6555 1.88554142562772
39.804 1.88554925078165
39.9525 1.88555725327072
40.101 1.88556543201701
40.2495 1.88557378596616
40.398 1.88558231408697
40.5465 1.88559101537101
40.695 1.88559988883227
40.8435 1.88560893350681
40.992 1.88561814845237
41.1405 1.88562753274809
41.289 1.88563708549412
41.4375 1.88564680581137
41.586 1.88565669284115
41.7345 1.8856667457449
41.883 1.88567696370386
42.0315 1.88568734591885
42.18 1.88569789160995
42.3285 1.88570860001622
42.477 1.88571947039548
42.6255 1.88573050202403
42.774 1.88574169419641
42.9225 1.88575304622515
43.071 1.88576455744055
43.2195 1.88577622719042
43.368 1.88578805483993
43.5165 1.88580003977129
43.665 1.88581218138367
43.8135 1.88582447909288
43.962 1.88583693233125
44.1105 1.88584954054743
44.259 1.88586230320619
44.4075 1.88587521978826
44.556 1.88588828979014
44.7045 1.88590151272398
44.853 1.88591488811736
45.0015 1.8859284155132
45.15 1.88594209446957
45.2985 1.88595592455957
45.447 1.88596990537116
45.5955 1.88598403650711
45.744 1.88599831758476
45.8925 1.886012748236
46.041 1.8860273281071
46.1895 1.88604205685862
46.338 1.88605693416529
46.4865 1.88607195971592
46.635 1.88608713321332
46.7835 1.88610245437416
46.932 1.88611792292895
47.0805 1.8861335386219
47.229 1.88614930121089
47.3775 1.88616521046736
47.526 1.88618126617627
47.6745 1.88619746813602
47.823 1.8862138161584
47.9715 1.88623031006854
48.12 1.88624694970486
48.2685 1.886263734919
48.417 1.88628066557584
48.5655 1.88629774155339
48.714 1.88631496274282
48.8625 1.8863323290484
49.011 1.88634984038749
49.1595 1.88636749669051
49.308 1.88638529790095
49.4565 1.88640324397535
49.605 1.88642133488327
49.7535 1.88643957060733
49.902 1.88645795114321
50.0505 1.88647647649962
50.199 1.88649514669837
50.3475 1.88651396177432
50.496 1.88653292177548
50.6445 1.88655202676298
50.793 1.88657127681112
50.9415 1.88659067200741
51.09 1.88661021245262
51.2385 1.88662989826078
51.387 1.8866497295593
51.5355 1.88666970648896
51.684 1.88668982920403
51.8325 1.88671009787228
51.981 1.88673051267508
52.1295 1.88675107380747
52.278 1.88677178147823
52.4265 1.88679263591
52.575 1.8868136373393
52.7235 1.8868347860167
52.872 1.88685608220688
53.0205 1.88687752618875
53.169 1.88689911825555
53.3175 1.88692085871496
53.466 1.88694274788926
53.6145 1.88696478611541
53.763 1.88698697374522
53.9115 1.88700931114548
54.06 1.88703179869809
54.2085 1.88705443680022
54.357 1.8870772258645
54.5055 1.88710016631911
54.654 1.88712325860806
54.8025 1.88714650319124
54.951 1.88716990054471
55.0995 1.88719345116084
55.248 1.88721715554851
55.3965 1.88724101423334
55.545 1.88726502775786
55.6935 1.88728919668179
55.842 1.88731352158219
55.9905 1.88733800305378
56.139 1.88736264170912
56.2875 1.88738743817889
56.436 1.88741239311213
56.5845 1.88743750717654
56.733 1.88746278105874
56.8815 1.88748821546454
57.03 1.88751381111925
57.1785 1.88753956876801
57.327 1.88756548917607
57.4755 1.8875915731291
57.624 1.8876178214336
57.7725 1.88764423491716
57.921 1.88767081442885
58.0695 1.88769756083962
58.218 1.88772447504263
58.3665 1.88775155795366
58.515 1.88777881051152
58.6635 1.88780623367844
58.812 1.88783382844053
58.9605 1.88786159580821
59.109 1.88788953681666
59.2575 1.88791765252626
59.406 1.88794594402315
59.5545 1.88797441241963
59.703 1.88800305885477
59.8515 1.88803188449484
60 1.88806089053394
