0.6 50 0
0.7485 50 0
0.897 50 0
1.0455 50 0
1.194 50 0
1.3425 50 0
1.491 50 0
1.6395 50 0
1.788 50 0
1.9365 50 0
2.085 50 0
2.2335 50 0
2.382 50 0
2.5305 50 0
2.679 50 0
2.8275 50 0
2.976 50 0
3.1245 50 0
3.273 50 0
3.4215 50 0
3.57 50 0
3.7185 50 0
3.867 50 0
4.0155 50 0
4.164 50 0
4.3125 50 0
4.461 50 0
4.6095 50 0
4.758 50 0
4.9065 50 0
5.055 50 0
5.2035 50 0
5.352 50 0
5.5005 50 0
5.649 50 0
5.7975 50 0
5.946 50 0
6.0945 50 0
6.243 50 0
6.3915 50 0
6.54 50 0
6.6885 50 0
6.837 50 0
6.9855 50 0
7.134 50 0
7.2825 50 0
7.431 50 0
7.5795 50 0
7.728 50 0
7.8765 50 0
8.025 50 0
8.1735 50 0
8.322 50 0
8.4705 50 0
8.619 50 0
8.7675 50 0
8.916 50 0
9.0645 50 0
9.213 50 0
9.3615 50 0
9.51 50 0
9.6585 50 0
9.807 50 0
9.9555 50 0
10.104 50 0
10.2525 50 0
10.401 50 0
10.5495 50 0
10.698 50 0
10.8465 50 0
10.995 50 0
11.1435 50 0
11.292 50 0
11.4405 50 0
11.589 50 0
11.7375 50 0
11.886 50 0
12.0345 50 0
12.183 50 0
12.3315 50 0
12.48 50 0
12.6285 50 0
12.777 50 0
12.9255 50 0
13.074 50 0
13.2225 50 0
13.371 50 0
13.5195 50 0
13.668 50 0
13.8165 50 0
13.965 50 0
14.1135 50 0
14.262 50 0
14.4105 50 0
14.559 50 0
14.7075 50 0
14.856 50 0
15.0045 50 0
15.153 50 0
15.3015 50 0
15.45 50 0
15.5985 50 0
15.747 50 0
15.8955 50 0
16.044 50 0
16.1925 50 0
16.341 50 0
16.4895 50 0
16.638 50 0
16.7865 50 0
16.935 50 0
17.0835 50 0
17.232 50 0
17.3805 50 0
17.529 50 0
17.6775 50 0
17.826 50 0
17.9745 50 0
18.123 50 0
18.2715 50 0
18.42 50 0
18.5685 50 0
18.717 50 0
18.8655 50 0
19.014 50 0
19.1625 50 0
19.311 50 0
19.4595 50 0
19.608 50 0
19.7565 50 0
19.905 50 0
20.0535 50 0
20.202 50 0
20.3505 50 0
20.499 50 0
20.6475 50 0
20.796 50 0
20.9445 50 0
21.093 50 0
21.2415 50 0
21.39 50 0
21.5385 50 0
21.687 50 0
21.8355 50 0
21.984 50 0
22.1325 50 0
22.281 50 0
22.4295 50 0
22.578 50 0
22.7265 50 0
22.875 50 0
23.0235 50 0
23.172 50 0
23.3205 50 0
23.469 50 0
23.6175 50 0
23.766 50 0
23.9145 50 0
24.063 50 0
24.2115 50 0
24.36 50 0
24.5085 50 0
24.657 50 0
24.8055 50 0
24.954 50 0
25.1025 50 0
25.251 50 0
25.3995 50 0
25.548 50 0
25.6965 50 0
25.845 50 0
25.9935 50 0
26.142 50 0
26.2905 50 0
26.439 50 0
26.5875 50 0
26.736 50 0
26.8845 50 0
27.033 50 0
27.1815 50 0
27.33 50 0
27.4785 50 0
27.627 50 0
27.7755 50 0
27.924 50 0
28.0725 50 0
28.221 50 0
28.3695 50 0
28.518 50 0
28.6665 50 0
28.815 50 0
28.9635 50 0
29.112 50 0
29.2605 50 0
29.409 50 0
29.5575 50 0
29.706 50 0
29.8545 50 0
30.003 50 0
30.1515 50 0
30.3 50 0
30.4485 50 0
30.597 50 0
30.7455 50 0
30.894 50 0
31.0425 50 0
31.191 50 0
31.3395 50 0
31.488 50 0
31.6365 50 0
31.785 50 0
31.9335 50 0
32.082 50 0
32.2305 50 0
32.379 50 0
32.5275 50 0
32.676 50 0
32.8245 50 0
32.973 50 0
33.1215 50 0
33.27 50 0
33.4185 50 0
33.567 50 0
33.7155 50 0
33.864 50 0
34.0125 50 0
34.161 50 0
34.3095 50 0
34.458 50 0
34.6065 50 0
34.755 50 0
34.9035 50 0
35.052 50 0
35.2005 50 0
35.349 50 0
35.4975 50 0
35.646 50 0
35.7945 50 0
35.943 50 0
36.0915 50 0
36.24 50 0
36.3885 50 0
36.537 50 0
36.6855 50 0
36.834 50 0
36.9825 50 0
37.131 50 0
37.2795 50 0
37.428 50 0
37.5765 50 0
37.725 50 0
37.8735 50 0
38.022 50 0
38.1705 50 0
38.319 50 0
38.4675 50 0
38.616 50 0
38.7645 50 0
38.913 50 0
39.0615 50 0
39.21 50 0
39.3585 50 0
39.507 50 0
39.6555 50 0
39.804 50 0
39.9525 50 0
40.101 50 0
40.2495 50 0
40.398 50 0
40.5465 50 0
40.695 50 0
40.8435 50 0
40.992 50 0
41.1405 50 0
41.289 50 0
41.4375 50 0
41.586 50 0
41.7345 50 0
41.883 50 0
42.0315 50 0
42.18 50 0
42.3285 50 0
42.477 50 0
42.6255 50 0
42.774 50 0
42.9225 50 0
43.071 50 0
43.2195 50 0
43.368 50 0
43.5165 50 0
43.665 50 0
43.8135 50 0
43.962 50 0
44.1105 50 0
44.259 50 0
44.4075 50 0
44.556 50 0
44.7045 50 0
44.853 50 0
45.0015 50 0
45.15 50 0
45.2985 50 0
45.447 50 0
45.5955 50 0
45.744 50 0
45.8925 50 0
46.041 50 0
46.1895 50 0
46.338 50 0
46.4865 50 0
46.635 50 0
46.7835 50 0
46.932 50 0
47.0805 50 0
47.229 50 0
47.3775 50 0
47.526 50 0
47.6745 50 0
47.823 50 0
47.9715 50 0
48.12 50 0
48.2685 50 0
48.417 50 0
48.5655 50 0
48.714 50 0
48.8625 50 0
49.011 50 0
49.1595 50 0
49.308 50 0
49.4565 50 0
49.605 50 0
49.7535 50 0
49.902 50 0
50.0505 50 0
50.199 50 0
50.3475 50 0
50.496 50 0
50.6445 50 0
50.793 50 0
50.9415 50 0
51.09 50 0
51.2385 50 0
51.387 50 0
51.5355 50 0
51.684 50 0
51.8325 50 0
51.981 50 0
52.1295 50 0
52.278 50 0
52.4265 50 0
52.575 50 0
52.7235 50 0
52.872 50 0
53.0205 50 0
53.169 50 0
53.3175 50 0
53.466 50 0
53.6145 50 0
53.763 50 0
53.9115 50 0
54.06 50 0
54.2085 50 0
54.357 50 0
54.5055 50 0
54.654 50 0
54.8025 50 0
54.951 50 0
55.0995 50 0
55.248 50 0
55.3965 50 0
55.545 50 0
55.6935 50 0
55.842 50 0
55.9905 50 0
56.139 50 0
56.2875 50 0
56.436 50 0
56.5845 50 0
56.733 50 0
56.8815 50 0
57.03 50 0
57.1785 50 0
57.327 50 0
57.4755 50 0
57.624 50 0
57.7725 50 0
57.921 50 0
58.0695 50 0
58.218 50 0
58.3665 50 0
58.515 50 0
58.6635 50 0
58.812 50 0
58.9605 50 0
59.109 50 0
59.2575 50 0
59.406 50 0
59.5545 50 0
59.703 50 0
59.8515 50 0
60 50 0
